63 86 86 74 87 85 68 88 77 62 87 74 64 74 90 89 86 63 72 84 68 78 67 67 85 82 63 73 74 63 65
43 53 32 56 60 33 50 45 49 42 46 30 56 45 47 47 34 39 57 56 47 59 47 57 30 46 32 41
92 78 74 93 77 88 82 97 85 83 94 73 75 72 97 82 88 90 86 94 81 96 82 80 75 72 86 90 96 99 84
85 62 63 66 69 62 81 77 74 80 75 86 92 63 90 87 85 66 73 72 74 81 73 72 65 73 86 64 80 62
41 53 38 59 49 38 50 57 55 37 57 58 56 49 49 61 38 48 64 42 48 47 55 43 53 54 43 59 38 61 51
87 92 84 80 66 84 80 87 83 75 85 74 65 79 65 82 69 94 75 69 86 67 84 64 72 72 79 76 92 70
69 74 80 82 78 80 65 78 71 85 74 94 78 88 77 83 70 85 77 81 92 81 83 93 89 65 64 76 86 71 74
62 70 86 57 77 74 76 84 59 60 59 58 66 58 67 78 76 58 68 80 74 86 66 75 87 65 74 70 74 86 84
90 69 97 74 83 82 76 78 71 77 92 88 79 92 87 80 85 74 89 76 79 93 82 85 72 94 85 86 91 74
59 56 57 40 61 49 43 63 48 54 51 48 47 56 54 41 68 51 57 66 57 69 61 64 69 45 47 63 50 56 48
55 67 71 56 61 62 61 59 51 67 70 52 64 75 54 62 58 76 64 73 56 69 74 62 73 46 54 55 53 70
55 71 64 75 67 70 55 76 78 73 56 70 56 81 54 68 61 78 78 54 69 67 80 59 51 70 74 68 72 81 67
